Zadanie 5.1:
KodKlienta	I	II	III	IV	V	VI	VII	VIII	IX	X	XI	XII	liczba osób	nr klienta	sr. zuzycie wody
0793503REM	7	7	9	12	12	15	19	13	8	8	5	9	03	07935	41.33
0508003URU	7	8	7	8	11	14	19	13	9	8	7	9	03	05080	40
0064504WIL	9	9	11	14	12	19	24	17	12	13	10	9	04	00645	39.75
0809004PRA	10	9	9	14	15	19	22	15	12	13	11	9	04	08090	39.5
0573803WLO	7	6	7	12	12	13	16	13	10	9	6	7	03	05738	39.33
0834905WES	12	12	12	15	17	25	29	19	17	14	11	13	05	08349	39.2
0885004BIA	8	8	9	14	15	18	22	16	14	13	9	10	04	08850	39
0220204REM	9	10	11	14	12	19	19	18	14	11	7	9	04	02202	38.25
0946804PRA	10	7	4	10	15	16	24	17	14	14	10	10	04	09468	37.75
0686604REM	5	8	9	13	13	18	19	17	14	14	9	8	04	06866	36.75

Zadanie 5.2:
dzielnica	roczne zuzycie
BEM	54080
BIA	61614
BIE	56368
MOK	55889
OCH	59273
PRA	57241
REM	58971
SRO	58124
TAR	60234
URU	59597
URY	50116
WAW	57674
WES	60372
WIL	55476
WLO	66372
WOL	60523
ZOL	62312

Zadanie 5.3:
dzielnica	max
BEM	8108
BIA	9274
BIE	8475
MOK	8452
OCH	8861
PRA	8575
REM	8873
SRO	8776
TAR	9120
URU	8960
URY	7519
WAW	8699
WES	9050
WIL	8284
WLO	9966
WOL	9117
ZOL	9417

Zadanie 5.4:

pierw. brak wody
2026 lipiec

rok	I	II	III	IV	V	VI	VII	VIII	IX	X	XI	XII
2019	53545	53274	53195	85745	85627	117552	149526	117497	85623	85530	53516	53606
2020	54081	53807	53727	86603	86484	118728	151022	118672	86480	86386	54052	54143
2021	54622	54346	54265	87470	87349	119916	152533	119859	87345	87250	54593	54685
2022	55169	54890	54808	88345	88223	121116	154059	121058	88219	88123	55139	55232
2023	55721	55439	55357	89229	89106	122328	155600	122269	89102	89005	55691	55785
2024	56279	55994	55911	90122	89998	123552	157156	123492	89994	89896	56248	56343
2025	56842	56554	56471	91024	90898	124788	158728	124727	90894	90795	56811	56907
2026	57411	57120	57036	91935	91807	126036	160316	125975	91803	91703	57380	57477
2027	57986	57692	57607	92855	92726	127297	161920	127235	92722	92621	57954	58052
2028	58566	58269	58184	93784	93654	128570	163540	128508	93650	93548	58534	58633
2029	59152	58852	58766	94722	94591	129856	165176	129794	94587	94484	59120	59220
2030	59744	59441	59354	95670	95537	131155	166828	131092	95533	95429	59712	59813

Zadanie 5.5:
data przekrocienia
2035 lipiec
